1936 1983
1960 1969
1916 1963
1922 1979
1911 1993
1931 1942
1969 1993
1918 1929
1906 1919
1919 1992
1929 1931
1955 1964
1917 1955
1982 1987
1904 1923
1928 1928
1943 1993
1931 1948
1965 1996
1915 1938
1979 1987
1917 1989
1913 1920
1977 1992
1913 1939
1954 1994
1940 1963
1911 1917
1932 1945
1921 1933
1946 1953
1953 1999
1908 1908
1989 1997
1910 1945
1935 1946
1921 1994
1941 1993
1936 1956
1903 1977
1970 1979
1900 1979
1940 1976
1934 1973
1959 1976
1938 1987
1944 1986
1922 1949
1950 1969
1905 1999
1930 1959
1964 1991
1914 1966
1942 1976
1943 1958
1923 1999
1965 1966
1923 1994
1904 1982
1988 1992
1908 1946
1978 1990
1919 1935
1922 1950
1937 1937
1954 1968
1929 1930
1958 1967
1941 1977
1922 1940
1969 1993
1900 1942
1922 1999
1911 1990
1956 1965
1920 1949
1966 1980
1907 1970
1915 1933
1944 1994
1905 1908
1950 1968
1923 1949
1939 1982
1950 1966
1900 1951
1989 1996
1906 1942
1910 1992
1967 1970
1924 1967
1919 1975
1938 1981
1954 1976
1905 1972
1946 1962
1929 1977
1915 1988
1937 1980
1903 1959
1992 1993
1903 1993
1916 1920
1915 1985
1927 1981
1940 1975
1946 1956
1932 1966
1943 1961
1944 1966
1917 1941
1921 1967
1936 1947
1930 1944
1966 1988
1916 1941
1911 1960
1972 2000
1923 1934
1967 1989
1922 1998
1974 1987
1919 1928
1906 1983
1939 1978
1961 1989
1931 1942
1912 1951
1949 1994
1934 1966
1914 1958
1914 1918
1910 1941
1913 1930
1941 1950
1903 1905
1995 1996
1904 1990
1903 1942
1906 1981
1974 1987
1902 1916
1947 1976
1918 1939
1911 1990
1974 1996
1921 1944
1937 1996
1937 1946
1928 1943
1905 1971
1958 1963
1914 1998
1919 1928
1930 1957
1943 1991
1917 1945
1976 1986
1912 1983
1908 1984
1929 1987
1957 1989
1941 1958
1947 1977
1948 1978
1906 1942
1977 1987
1922 1993
1956 1969
1937 1974
1961 1973
1913 1982
1909 1999
1943 1944
1907 1912
1973 1988
1918 1993
1958 1980
1909 1934
1956 1975
1921 1953
1968 2000
1928 1931
1947 1963
1953 1993
1923 1947
1927 1940
1905 1952
1990 1998
1901 1925
1914 1989
1964 1983
1911 1986
1966 1972
1919 1983
1955 1960
1943 1982
1938 1948
1904 1921
1972 1994
1915 1992
1960 2000
1940 1963
1901 1985
1970 1986
1924 1926
1970 1991
1929 1936
1908 1990
1928 1932
1959 1993
1930 1967
1964 1976
1924 1942
1919 1985
1924 1966
1934 1960
1904 1925
1950 1969
1947 1954
1930 1944
1969 1990
1918 1987
1914 1973
1923 1997
1908 1931
1962 1971
1906 1962
1926 1943
1937 1972
1919 1998
1939 1975
1913 1983
1949 1987
1933 1994
1955 1975
1921 1985
1901 1995
1982 1998
1911 1966
1903 1996
1989 2000
1905 1972
1995 1997
1905 1995
1924 1928
1976 1981
1920 1939
1900 1959
1990 1993
1904 1996
1924 1935
1913 1921
1981 1987
1911 1951
1984 1986
1901 1991
1955 1966
1933 1986
1931 1997
1935 1978
1900 1998
1977 1998
1922 1922
1960 1990
1902 1974
1905 1968
1903 1932
1929 1984
1929 1994
1902 1927
1941 1959
1940 1969
1943 1991
1904 1905
1969 1983
1901 1912
1928 1985
1904 1940
1946 1963
1947 1971
1949 1952
1943 1993
1901 1916
1955 1973
1930 1974
1940 1956
1940 2000
1949 1985
1946 1972
1916 1921
1935 1937
1945 1994
1923 1986
1924 1954
1945 1989
1912 1933
1971 1973
1907 1928
1983 1991
1901 1927
1995 1995
1902 1944
1937 1996
1910 1931
1946 1960
1910 1992
1953 1955
1945 1969
1917 1988
1905 1922
1932 1991
1951 1971
1924 1990
1962 1985
1910 1921
1975 1975
1900 1976
1933 1987
1946 1973
1908 1916
1974 1985
1908 1919
1927 1970
1970 1987
1902 1928
1970 1978
1911 1940
1989 1989
1910 1989
1954 1994
1908 1988
1962 1981
1912 1979
1976 1976
1902 1908
1974 1998
1910 1950
1978 1996
1922 1944
1955 1982
1930 1985
1937 1959
1936 1945
1945 1950
1945 1997
1918 1921
1906 1989
1959 1995
1927 1991
1963 1986
1917 1963
1977 1994
1915 2000
1965 1999
1917 1917
1980 1993
1909 1953
1978 1986
1913 1922
1906 1908
1924 1930
1914 1996
1944 1966
1928 1931
1951 1974
1935 1948
1951 1975
1932 1936
1943 1972
1906 1919
1948 1969
1947 1986
1912 1920
1975 1976
1906 1976
1912 1922
1936 1979
1927 1964
1944 1960
1912 1947
1916 1972
1983 1986
1902 1949
1957 1979
1936 1991
1911 1927
1912 1980
1977 1983
1914 1918
1921 1986
1920 1978
1957 1991
1936 1956
1956 1985
1926 1987
1944 1961
1912 1963
1906 1948
1945 1959
1937 1978
1920 1946
1972 1973
1915 1948
1976 1989
1902 1987
1932 1938
1961 1991
1918 1976
1957 1981
1916 1955
1934 1967
1951 1974
1947 1987
1922 1970
1946 1965
1923 1934
1962 1994
1902 1940
1935 1980
1944 1984
1954 1958
1909 1966
1977 1986
1908 1918
1928 1977
1915 1939
1951 1972
1913 1930
1987 1997
1906 1940
1972 1991
1904 2000
1924 1978
1959 1993
1925 1971
1963 1997
1900 1949
1932 1965
1954 1993
1929 1992
1953 1999
1938 1996
1930 1998
1937 2000
1903 1998
1961 1970
1905 1922
1989 1990
1906 1933
1978 1995
1916 1924
1916 1926
1982 1984
1900 1997
1999 2000
1901 1902
1907 1979
1902 1917
1957 1975
1942 1947
1901 1950
1916 1995
1974 1998
1903 1912
1992 1995
1904 1911
1995 1996
1901 1918
1985 1996
1902 1923
1933 1941
1963 1976
1924 1941
1911 1930
1916 1979
1975 1980
1903 1953
1949 1954
1916 1969
1925 1937
1906 1938
1968 1998
1917 1978
1900 1972
1965 1968
1930 1982
1954 1959
1912 1938
1957 1969
1941 1999
1920 1969
1915 1957
1943 1944
1924 1984
1957 1991
1935 1963
1947 1979
1941 1958
1910 1945